4953
-44
-81362
444
510
121
-5779
-21
-1867
31
1001
-10593
2098
-11619
-19382
-308
-10768
660
708
-30326
2476
-71731
-55235
-23699
-142
113
-480
-55313
-31969
-21617
3727
-24255
-22309
-32132
-627
1734
-14180
121
-11427
-12145
-48
-119889
-4751
-59
70
-115
1095
612
615
2241
-10220
-22208
699
22
-3091
-159348
761
57
98
184
3508
1163
-20861
182
-16
-34
-14383
-67
556
176
-58
-263
326
25
-117
-287
-76
389
894
229
45
-67538
-13449
-15969
1631
31
-107
723
-16126
-1056
-994
-77951
-4090
-30275
-24783
5489
-77430
-27207
-25030
150
39
-109
1204
-32136
-46953
-87926
-8837
-35851
-17582
-645
413
-3551
-23128
8926
-146
28
-54490
-3022
-30113
-73864
630
383
-29
146
117
721
-345
-12
-4540
2596
-29954
-30
-98
-29
-22619
51
23
204
-2402
-726
29
1064
667
195
1111
48
1499
50
1896
1446
-253
-22
-356
179
-1
567
488
673
1307
391
2
273
680
601
29
-20623
-64339
-37624
2160
54
350
-29
731
417
-107
-30
-160
-4174
-26
-2222
2292
154
717
646
-50424
244
611
2846
23
215
877
624
-10363
3840
-21170
-18397
-11569
3
1204
30
165
264
475
592
31
972
-141
-29100
306
-21200
45
33
441
6
120
688
-595
879
-6699
-124279
-1367
34
247
1684
131
133
1555
31
31
520
-42190
6
235
33
-59393
-23550
-12995
23
206
42
2083
581
30
787
254
46
399
22
61
18
1117
-1784
-366
-473
-22682
250
1
-32
88
-99
-29
198
-21
262
1012
-79081
-98220
757
720
123
1133
-221
222
48
-56471
286
1388
463
854
7
37
235
899
676
130
1
37
-6
114
32
617
541
-20804
-343
608
1014
-44025
2380
1632
-126003
21
1875
51
1532
49
5271
33
33
39
30
531
-151
-92
-16
-100
-24
1553
-3736
-28154
-8872
-152
-26359
112
41
595
26
-114
1024
47
614
390
-1
405
2102
42
28
-654
-15595
7291
-7694
2145
-7337
-2610
462
-12298
-78794
24
917
-185
156
453
157
-106
-31
129
208
-1975
590
35
208
-12318
-53656
271
149
-136
2841
606
491
399
629
1359
35
57
1015
26
-505
-510
-850
690
-7
-381
28
117
-8
29
2589
-9
2067
-15970
614
30
447
6
118
613
1297
40
120
-105172
193
79
283
868
2953
-4
192
466
-24
604
264
37
-19
127
-199
1320
577
1105
-441
-216
-50577
27
2133
-12716
-286
-3
61
-29
6
293
63
22
331
43
234
858
639
359
222
27
353
31
44
482
2485
703
188
-30
-32
68
85
28
463
86
-104
-29
-163
2997
25
-13887
-88754
2028
-8867
-1101
-78
43
258
-49493
-844
-28845
27
4
864
-53822
287
1289
668
134
272
111
31
594
-93227
1285
46
24
-4446
-22
41
23
114
525
-27
766
16
1574
-71955
188
-319
1700
-82
-1014
-1076
788
4086
1760
823
29
494
119
-472
-530
65
24
210
1
31
-23365
28
1246
-41177
31
30
97
29
110
0
31
242
-357
-111808
1985
146
-142
171
1015
3158
794
2770
371
210
1
-54087
529
-12851
1393
463
253
1075
-92
26
25
-23557
159
137
-4287
2237
44
1351
644
139
477
55
-94
-2270
-47132
-15853
30
748
674
868
219
-1063
1387
-48823
-871
1329
-22842
-23573
-22871
-6092
-23741
703
2
-17712
57
1
164
-108
399
-3114
-1416
10827
59
-132
104
1769
680
1163
-70
157
178
3472
-4045
599
816
132
162
221
40
-330
832
-5
-1080
-1474
-110438
696
231
42
-24638
-26
-62336
-27
494
9624
-52330
-30
-15
1527
-30
-103
-16
-30
611
34
-9
2376
398
49
29
287
92
6951
2617
21
1797
16
174
21
6357
914
354
-2798
1377
1
-31
244
-30
97
-106
-31
2116
25
-8
-150
9698
830
248
43
4274
-7532
69
30
4119
2543
-14
47
1304
669
136
147
160
-30
695
243
-297
611
1681
692
1174
563
32
-14
320
607
813
144
-127196
842
-2786
41
238
1701
290
37
231
-175
-106282
226
109
-112
-29
716
1371
428
630
2798
1
-30
93
-30
4
64
532
-31
-15
76
1
1261
635
139
1551
-22
-25554
276
123
9914
-8801
204
-60
-5
-19
27
384
-63
-43273
-8772
2732
19
14
994
5006
6835
41
944
30
121
1
140
118
692
865
247
23
109
128
-52
-110
-980
6300
-29
-30
1724
1176
-62275
639
-16664
617
30
222
144
-152222
207
895
1078
134
411
276
-105
167
132
9607
-8907
-147
-34146
596
806
131
-142
660
1319
55
-33391
507
372
640
906
266
20
256
20
-33
146
630
31
740
713
893
231
42
2236
-105
-49771
2
194
90
571
205
4484
-23154
338
20
-24779
296
-29
60
95
31
50
-27
150
165
-4220
292
40
1257
660
373
1
115
32
624
30
0
-7953
-33095
3397
-6124
2650
81
-1852
213
882
648
127
123
0
102
37
666
41
-31
14
160
818
7288
378
214
2
77
35
1203
612
150
5
30
-2
109
37
626
27
163
-28
172
267
20
638
32
2158
201
19
1643
31
62
21
214
1
2
644
26
459
5
145
669
1687
68
537
2861
399
1450
460
772
-301
652
-29186
3727
699
45
676
25
37
127
76
-6
-74
97
-30
9
90
18
69
-142
136
77
-14
-15866
1264
38
-30684
39
2172
135
140
263
28
-66
-25546
-332
8
2402
192
769
471
31
245
1296
195
12
-451
-92661
-717
-26592
1385
467
338
986
2312
490
217
-958
38
227
-31
3
230
-1
-6226
-12170
40
520
-46430
848
157
502
6418
-166
-10742
217
135
848
-32
1365
-31
274
599
2812
-22010
127
79
-16
-108
-29
2
65
881
663
-30
-151
443
670
12
470
240
-35710
-2430
33
1260
-93424
2080
378
246
1111
32
46
220
913
637
144
849
-20923
2643
38
1834
35
2
381
-306
392
32
-4
-53869
1699
625
401
460
805
578
7
-1004
-22352
10080
137
213
361
-31956
35
235
2774
33
787
35
2068
1003
647
34
-7
502
-88412
-339
259
185
87
454
2882
-25292
-7174
-39664
-43443
-93
-4663
-30
3
261
-93012
161
-109155
20
157
-36
60
84
30
719
60
-23
305
-30
65
1259
3157
24
1693
-68
1034
586
43
229
907
674
122
130
489
623
29
-68461
-11495
-31
-111
-16
-98
87
137
-88
-25
637
728
159
49
55
111
24
360
2324
-76
-400
844
503
357
96
141
-18
-50
257
-3
-21
77
293
-23
1846
28
3011
723
29
78
77
386
-36402
-150
491
29
575
697
243
-4
237
47
287
418
44
28
-319
1
670
31
8
496
963
614
1140
94
-1638
28
3456
62
1527
61
608
-12357
-32
-100
-16
736
-2438
334
96
-9
-67027
607
470
1336
-437
193
33
74
-109
-28
5
-1845
-51
-1074
-75837
30
1597
721
266
-36
475
-3
29
20
34
27
-29810
63
23
332
2329
48
1175
133
-151
-422
38
-68
829
342
5
74
73
22
343
-11777
220
-108
-30
7
282
274
2
-1
63
-30
9
112
39
21
18
6756
2973
1854
41
39
1341
683
116
500
23
818
-1
-57891
638
2352
74
49
975
139
240
22
-49
37
1361
5092
12
56
1535
57
-2
31
481
557
26
29
9
-118
152
1737
-54
42
258
61
26
351
1540
-1654
5
-68444
47
1473
45
25
114
14
359
2134
48
1313
643
151
587
40
599
28
-16330
-31
82
128
797
28
-38916
2150
-59
-73040
570
9389
-140
5
168
-30
-58
168
59
92
495
-53714
9
460
103
2017
712
86
28
53
398
-15
3186
0
239
1
-31
-110
160
1
212
32
-11186
-13498
409
270
108
648
919
305
68
1078
160
1
4969
-54042
36
2042
364
-4
367
586
151
1
-30
-104
95
-30
2781
1481
1809
22425
310
-98
30
97
10
-30
-696
31
613
36
126
-8
136
121
683
1131
104
6
33
120
-6114
4913
130
240
41
33
410
830
400
260
124
650
864
182
50
-93342
41
668
116
130
-1
108
35
653
26
-4
12843
30
408
-30
-102
70
-4
17
20265
-2464
510
1738
34
728
2463
20
1288
672
285
-21
555
693
842
81
580
40
218
858
606
1083
-62
-1074
27
197
913
650
118
258
103
41
603
29
-2520
3101
863
32
31
13397
-15293
1035
-3487
65
480
11456
133
563
442
339
-314
-338
85
27
234
32
248
723
1289
42
-779
-29
95
-29
201
100
-1270
-35
69
278
65
-32
10
103
23
132
-28
2942
1115
220
29
7
857
-20097
4149
2643
9211
-58744
431
-154
-53
198
113
1335
25
1837
1
791
38
144
-15
376
665
884
157
-1370
1833
1739
-1100
1694
484
295
59
326
4949
0
-28
96
2413
-22151
808
1033
-455
922
246
23
8216
53
741
165
48
-13544
34
38
208
876
626
134
125
1
415
537
30
-6051
2
165
-114
22
46
-164
731
-134
39
86
46
107
78
20
171
-14
-90
-30
338
24
63
273
8
-30
-112
66
1
-4689
6817
-38781
-5968
11480
14
601
22
-147
3026
850
804
1345
1373
128
2625
238
908
688
377
0
110
30
808
201
285
102
31
52
221
-100
81
-27
-10837
405
2138
28
-30715
2742
39
602
35
224
30
8
113
636
904
262
17
-1662
5389
38
-738
-11852
-142
-52642
18
474
835
126
734
597
488
-30694
406
-59
91
21
-121
2
36
500
-356
520
20
326
24
236
629
31
-14
117
-30
243
-28
-2
233
-2
-204
-84756
1064
1662
-22814
326
-17389
17149
-27144
2449
-150
2664
145
-31
117
548
10841
-185
315
53
41
528
217
24
331
-13366
3735
-37045
4346
370
-1
30
7
129
667
890
-4
-1684
-33405
950
316
-39
133
-69038
1230
658
877
838
-1
-208
49
420
1276
1714
329
-29501
1064
588
28
31
2496
1122
42
218
23
62
247
127
-135
319
36
950
637
1274
38
7268
230
240
511
61
37
98
4
-30
-114
64
-53571
233
926
681
123
144
5
117
1163
34
-14337
2093
264
29
0
112
32
636
33
114
168
130
99
51
235
905
658
123
130
1
105
27
625
30
-3
-85676
5053
2788
213
78
-31
175
87
30
51
-22
1715
250
-1442
-175
88
55
12865
-321
-43847
-477
-110
161
5
-40037
-16450
-5
-44537
-1284
164
-31
94
-109
11
-25986
30
648
31
75
-813
11343
328
23
1045
792
131
61
35
34
718
679
125
154
223
33
840
-3537
-10008
1471
0
1053
642
498
12
3404
727
361
28
69
56
31
759
2079
47
16
63
19
232
1
229
1
-51
25
69
27
-3
-4782
93
-5
735
494
27
124
25
1209
1685
-8
43
1294
693
118
498
-83
239
121
2119
246
31
1049
21
86
63
42
34
233
31
7
118
609
232
1701
119
265
6874
5120
3551
768
-2030
77
26
526
45
1131
708
-1111
2298
-17797
133
115
657
886
230
53
428
130
1051
1525
-33545
49
2512
14
23
1
363
638
32
2666
238
195
-31
-31
74
80
219
-30
47
-114
3439
31
1606
-30
-103
95
-401
-27
1
-30
161
-387
-29
1
-29
-49701
31
-3
220
23
51
2494
5
38
449
803
2678
-29
-30
63
81
28
218
-107
54
-15
418
67
-17786
111
123
35
213
901
677
125
141
251
-1
-16
118
31
-467
1736
-16
-100
-28
23
-30
221
-51
217
261
182
32
651
30
118
1
39
10
117
1717
265
15
147
198
892
29
29
152
-18
29
-751
512
113
790
-3591
416
-88
28
48
216
38
634
25
545
517
-125
1768
216
-30
-153
-30
625
43
-30
54
-121
-11
1357
857
19
173
185
81
31
51
444
-105
-30
-148
21
470
194
29
352
257
1141
352
-675
-7559
762
-415
-28
1327
147
696
598
26
138
-445
1334
4960
246
125
71
35
485
30
238
655
1186
41
378
244
112
194
322
-25
0
-7
83
47
4
169
-105
-30
-20977
-17683
-9260
-17615
22
625
26
221
32
249
641
1252
46
-32
-112
175
123
-102
-34
590
341
34
49
6811
-193
408
-23145
19
3
-27
112
1
2935
1791
60
415
-95166
-68
109
-10
61
-29
513
-4268
-66765
1905
43
3540
-1636
249
-7738
375
-32158
-87
479
43
1087
167
400
689
35
2787
-7164
263
176
-107
132
495
412
705
-347
1259
651
354
306
-83
639
28
25
77
119
8
37
33
120
483
595
7
-32
-109
96
-104
-34
5
87
214
976
179
-111
678
119
9
32
1
127
38
639
40
13499
-43432
-38076
6327
-11558
1420
66
170
-29
-27211
-63
2789
-18
655
152
-27306
277
132
41
30
105
619
-24331
618
28
482
5
110
700
1233
55
161
-31
-16426
-25950
858
207
60
-30
-113
72
-61984
-25756
-177
34
639
31
567
112
2073
41
199
264
-26
-26
-30
4
117
-30
4
243
-61610
5414
-12939
24
745
669
950
231
670
-6339
1773
-89352
31
-108
-47
66
361
59
-17
-150
-39
201
197
30
41
38
37
239
-383
31
18
-34491
11
71
63
22
223
-30843
-11408
-187
11006
1868
342
-30
1
555
49
837
251
-150
2677
47
-13
760
65
522
-20
652
-424
257
17
6001
1740
88
22
784
265
126
47
2486
534
17
969
19
29
627
31
240
162
124
679
1294
46
-18055
-85280
158
1304
684
273
745
760
40
-1076
1541
99
-40143
2801
118
2445
-153
1029
-28
345
17
648
1002
2052
-101
-30
1595
3196
412
-77
284
88
59
-25
307
145
637
29
121
-2
360
30
151
624
27
229
361
4163
319
-22
-28
84
-27
2332
37
480
41
32
-23
197
128
-147
9878
11940
292
23
616
384
-17
133
528
28923
5
118
-31
4
227
726
-214
551
880
1677
-107
953
544
6
112
22
638
32
-114
-30
8
92
7
121
524
52
-119
169
-11116
-131
166
45
-105
65
-599
613
-221
1
224
1270
669
115
135
239
27
625
571
50
-126
45
80
99
58
206
12705
27
-24
-1534
-1002
204
86
53
97
32
201
394
4222
59
26
331
1448
237
932
632
2026
-141
28
4
-30
-111
105
-50
16
245
18625
-21
253
2
2265
4254
113
64
-27
-152
70
1161
11028
64
508
53
746
10
221
145
99
155
15
610
27
232
35
256
2034
29
54
1233
648
105
724
589
25
146
589
947
47
246
887
658
122
263
397
610
32
-53958
494
337
-2579
622
68
535
-11590
25
216
161
233
5
1481
-30
50
1787
153
1100
393
760
1137
24
29
784
108
1965
42
230
-29
331
7
135
-4441
879
29
117
0
30
7
114
-168
1264
220
-33390
40
28
761
636
895
226
37
-56
-25834
303
-85778
-33387
2031
165
-9658
-679
72
2041
122
756
617
24
-50075
-24143
37
1434
-31
168
119
38
34
575
130
30
-801
1749
233
243
130
231
59
27
11940
1563
73
776
35
44
457
869
119
127
1
345
603
-22762
-290
457
173
1208
620
119
3
29
224
253
371
27
-24060
605
29
226
35
8
2457
45
285
451
44
701
34
-112
328
-26
452
206
91
-105
-34233
-4669
200
-183
-8815
-146
8905
-148
2628
35
-10
204
298
343
55
-30
-106
49
172
-30
3059
39
1894
-15
49
-62
162
216
14
92
-19
24
35
477
2659
31
635
31
117
1
31
7
5738
31
121
130
1
111
25
610
26
1
115
-137
152
-139
9442
-146
-57279
11800
1
-28
172
15
171
-29
59
94
760
79
1
29
643
-2
249
2
36
1765
29
36
43
1352
35
2598
-80829
323
591
29
622
34
2821
31
40
-8645
1310
3859
2544
231
125
7818
984
401
1073
46
29
109
-1170
1041
144
-21541
2
599
142
-44
-113
160
-37
12
265
591
-423
-426
150
-145
109
-30
1292
1745
0
607
36
-3
3830
2907
145
504
-121
-118
-85673
2564
31
4948
3291
782
871
144
12
41
-4
381
142
25
38
27
482
120
670
1224
17
56
541
834
250
33
0
30
10
116
621
891
225
43
248
1319
8
432
474
-112
171
1
-352
899
39
166
146
-330
788
35
224
408
663
1340
-364
4419
272
133
2922
663
500
36
255
2527
170
208
28
-49021
-22246
-30
-107
177
126
9647
-8832
47
431
917
646
31
242
112
123
2116
29
-93
251
164
246
164
1794
4
2947
-30
-44
517
-421
-160
3079
25
1602
-37
107
-21
27
-54
167
-399
-19
1
-26514
5202
-17
171
126
242
516
91
168
-157
-2
352
70
26
342
455
16
1322
42
498
32
3
2912
229
304
62
1443
-26349
1651
34
-41
99
-35
1645
658
988
622
44
1323
499
709
409
825
25
674
36
249
39
7
1126
1305
47
6625
5078
35
443
32
244
-27545
-143
155
473
146
873
236
3
343
176
-109
93
-58935
-8996
-36
168
539
27
32
26
70
2603
91
-4781
843
670
738
1671
16
78
-30
-157
-28
821
424
-102
-28
-162
2
573
792
34
728
-475
-14373
-92
6939
171
-112
-32
-21275
34
621
973
2133
56
-30
-137
-30
289
6306
-25183
37
30
113
5
32
6
115
669
881
229
279
14
41
1260
645
164
-10
35
498
635
34
3335
1785
-6048
-1420
29
862
29
501
111
668
896
224
66
129
28
107
372
672
30
2705
35
234
1640
227
-79
30
1838
31
35
1827
29
128
663
892
239
43
-7653
398
36
-24
169
1
494
237
-4179
-4789
522
159
2843
727
239
211
1
60
-118
-32
12
44
62
-25
2
270
600
1065
222
24
63
47
221
948
669
383
332
-82
-111
372
550
202
556
443
-30
-22
-171
253
143
29
59
66
295
207
24713
33
631
28
112
264
119
671
1292
0
-33876
163
-26
1
-21
83
-98
-30
1625
4283
90
49
-18
-21
73
44
223
1146
29
103
22
710
33
1327
486
504
37
1462
-41
267
155
13
637
33
123
593
273
62
-323
888
238
2582
-161
-32
-102
173
-121
121
41
34
101
67
102
201
-24639
-28817
-19459
-1092
-27246
822
131
465
784
-10432
3977
4966
-91872
-735
1945
128
765
276
-11118
316
-129
19
514
35
8
122
684
928
237
43
-16
251
1
-21
249
1
-20
-402
1867
3191
-161
-28
84
-17
534
82
56
389
7
146
-138
-106419
11825
5564
32
226
34
265
663
910
232
54
-8298
-58051
8952
-317
-30665
-75548
27
111
1517
914
228
48
57
87
308
-12427
20
153
210
45
203
100
-8
71
-31
5217
42
2206
132
795
638
30
32
127
1
370
326
347
-33973
-25091
266
64
3
259
2
23
12
-4
18
652
27
128
2642
246
26
42
28
116
1182
1239
23
25
2689
226
43
10
38
232
-31
181
646
366
496
624
893
237
58
-52
1247
618
376
481
598
30
870
222
-28
-54
-106
356
-104
-28
228
331
-70
190
19
1688
-100
-299
40
67
-9668
18
238
1703
480
131
7
336
760
-63
43
-30644
254
374
22
1860
21
593
29
116
-5
344
635
2455
-109
677
34
245
153
126
725
882
360
-88
9020
2702
33
7
-44
148
-26401
638
27
47
199
20
1900
551
299
1051
145
753
3
163
-107
-31
4
508
-598
785
-30
-96
-16
38
234
915
659
113
766
797
20
-58
1870
34
122
3
141
126
658
874
233
35
43
1288
671
115
7
27
226
28
-112
781
23495
333
27
63
18
1862
34
2637
163
134
91
643
30
129
260
121
662
1245
43
1934
235
-16147
142
641
34
123
277
1129
959
258
38
243
46
-247
101
1053
172
48
40
97
49
13
253
-30
500
47
259
858
668
120
134
451
-288
-242
30
654
127
274
112
18
651
185
-140
53
90
55
-11
-53
4999
6869
-7249
-768
4
24
22
39
29
717
1722
345
-9301
-21267
-11463
-54716
205
-29
408
32
645
-37
1
-35
179
-3
27
49
218
897
660
945
796
9
4943
16
76
-30
216
92
145
-33
441
-108
-39
-163
917
381
724
671
257
636
1241
35
-1177
-2525
-67734
-68
84
60
0
-20
252
161
5194
873
91
169
159
0
-30
-105
238
1267
666
378
1
393
29
1159
-6
23
2173
41
246
879
622
726
68
817
-50888
11663
-4651
-13709
-41561
-162
2698
130
84
66
163
474
2217
38
4446
-36656
8135
-105
155
-5
1258
657
116
131
507
629
-58
-98
115
46
-287
43
1254
37
782
-3
361
815
19
-3670
-36211
18263
493
-48
692
27
-116
-29
51
40
336
-38
-32
217
-46
169
127
-132
9504
-144
106
-103
-265
8073
1788
22
618
727
118
1686
-1
760
-1291
1020
-136
-28
793
137
3064
-1251
-30
119
250
1573
212
7
481
-13
41
209
37
723
235
2409
-4842
-26185
653
28
131
-14
135
124
1739
230
52
4
90
1029
-24324
37
822
30
-5878
20
256
1716
2364
30
232
129
479
222
43
493
3312
-141
-30485
123
598
1294
46
703
388
-30
-21
1067
618
197
672
855
481
-8
165
141
1594
-10
55
255
917
677
126
8
742
607
30
709
38
-45120
-36
175
26
779
1021
708
-163
891
1968
27
603
31
-22014
362
1566
278
852
51
-13605
41
34
124
351
115
646
1251
47
84
630
10
-99
-15
-32
3026
32
1912
367
152
159
70
85
44
234
902
30
31
377
1
119
31
638
26
33
47
361
409
106
663
727
118
627
994
1022
365
705
872
225
42
14
-136
122
195
40
1284
33
61
66
-12112
1
-28
175
4
34
20
511
171
-6
333
-375
446
2781
45
1259
663
124
148
483
631
29
203
94
64
95
27
53
-29
-102
153
167
3115
32
1796
85
160
-29
-30
-99
96
-30
26
211
-103
38
614
28
478
119
1165
-195
447
-137
-29
-108
164
129
-137
102
5
113
-30
4
225
-30
296
50
64
-1
12
52
139
32
362
2984
-421
-105
3
60
-114
-30
7
89
30
3153
85
31
475
267
243
1278
42
88
7
-28
60
-5706
19
277
35
154
36
201
154
147
3007
29
-1360
112
606
875
230
46
2063
-399
147
2402
-29
41
1156
434
1030
246
45
673
36
808
66
-106
-31
8
257
50
0
796
28
118
480
2081
44
17996
66
27
335
23295
621
796
40
1130
455
268
647
896
251
35
-32357
-238
25
625
34
137
-20
355
660
157
141
154
5
1866
70
23
345
-30
818
11
-21
80
2
194
-12
36
229
146
111
697
49
33
27
32
235
119
119
652
-433
810
-80
-1001
-8672
1
141
1
73
46
636
31
129
-18
144
117
1694
-3441
491
38
8
1110
1295
42
-29763
223
102
46
33
2679
-9471
68
-157
-8543
-23697
372
684
2376
-470
2781
505
1117
43
-21
-16395
1336
649
125
267
119
-25
843
-31
183
131
-136
107
1319
1121
1
49
221
1238
-2387
22
2825
29
648
37
583
29
8462
-2099
577
22
667
31
244
365
652
265
3
594
173
-111
-29
10864
253
222
154
-3
-256
904
647
142
271
331
